 0 1.989 0.700 4.800 0.200
 1 2.112 1.090 2.200 0.000
 2 2.146 1.190 1.800 0.000
 3 2.160 1.230 2.010 0.075
 4 2.184 1.300 1.894 0.078
 5 2.187 1.310 1.600 0.000
 6 2.205 1.360 1.719 0.072
 7 2.229 1.430 1.742 0.071
 8 2.229 1.430 1.400 0.000
 9 2.258 1.510 1.360 0.080
10 2.293 1.610 1.580 0.250
11 2.307 1.650 1.260 0.070
12 2.360 1.800 1.120 0.070
13 2.413 1.950 0.910 0.070
14 2.482 2.150 0.920 0.090
15 2.541 2.320 0.650 0.040
16 2.585 2.450 0.720 0.070
17 2.686 2.750 0.510 0.040
18 2.768 3.000 0.280 0.100
19 2.857 3.280 0.500 0.200
20 3.077 4.000 0.250 0.080
21 3.251 4.600 0.190 0.030
22 3.550 5.700 0.230 0.120
23 3.550 5.700 0.120 0.010
24 3.860 6.940 0.290 0.000
25 4.286 8.800 0.030 0.010
26 4.315 9.100 0.020 0.010
